100
200
50
500
1000
300
20
10
30
2000
5000
400
40
3000
150
60
80
600
800
1500
70
700
90
15
120
4000
5
250
900
25
180
10000
1200
1
2
35
350
2500
130
160
12
18
88
140
110
99
1800
45
28
16
280
1400
1300
4
450
8
170
11
190
1100
14
199
3
1600
38
6
24
188
13
240
48
32
19
55
999
98
33
36
17
22
49
220
9
58
260
68
3500
1900
66
21
168
210
1700
7
56
26
288
380
360
39
29
75
320
299
65
23
230
499
51
198
888
4500
85
34
998
2800
270
480
27
95
101
6000
290
112
550
42
388
105
37
108
128
52
2200
44
31
2400
490
72
96
8000
46
588
102
498
2100
2600
2900
298
125
2300
330
750
84
47
650
399
4999
69
420
158
78
390
201
64
41
54
980
580
2700
59
89
4800
560
43
1998
666
53
4900
63
135
7000
340
520
76
245
990
1999
77
196
86
111
488
3200
680
118
97
57
195
310
138
9000
460
3800
62
1888
115
224
79
850
370
950
222
126
3600
106
720
202
398
155
192
61
333
988
82
92
440
103
94
3900
87
175
166
4998
185
74
67
165
197
83
1050
501
145
880
93
590
368
504
256
218
336
688
502
123
1990
81
122
208
258
510
189
540
470
252
430
599
1002
73
3300
205
109
2999
268
301
1008
148
555
91
71
2888
640
1680
149
104
302
660
996
132
3400
3700
178
144
448
136
699
512
840
960
508
119
690
139
410
186
225
4888
133
570
780
107
530
1001
1120
503
159
4200
495
620
121
235
255
215
156
116
295
152
162
113
3100
369
444
203
308
266
147
2998
129
1980
289
4996
3888
358
1080
598
1288
1250
630
4980
169
305
285
505
228
2222
568
238
318
799
232
134
177
4995
1280
127
456
4600
142
790
146
860
117
176
997
3333
193
179
528
1988
114
294
151
153
1111
1688
366
216
468
303
286
209
890
4300
1588
899
183
187
124
355
518
248
1020
1350
496
970
395
995
4400
4700
760
3990
4990
458
1150
194
1440
167
297
385
670
204
315
143
265
1380
312
278
182
157
1450
392
141
137
131
328
1555
365
384
296
396
275
2997
249
345
788
163
1180
1388
154
375
212
4100
206
668
698
233
820
172
234
455
9900
3999
236
1580
610
1003
213
402
325
770
1950
335
497
5500
211
20000
1550
1996
1010
1188
356
740
239
486
985
2001
181
1750
506
207
1125
730
1258
164
896
586
485
259
191
1499
1088
269
184
4988
389
1260
810
472
1997
489
9996
940
870
173
408
1666
756
1480
2988
1498
9999
242
321
9800
658
507
566
2002
2580
174
386
277
401
348
1568
251
378
965
311
2250
246
968
171
293
1850
338
279
466
1880
243
2008
558
223
525
283
219
229
322
1040
585
802
526
930
478
656
1005
352
1620
2980
304
263
6500
920
1960
830
4444
291
359
4986
226
244
538
1650
589
217
287
1090
306
1320
5800
428
533
425
987
595
808
777
397
601
2050
264
4997
492
710
292
241
2990
608
331
855
898
405
1995
362
2688
1110
161
2588
9500
986
1060
231
689
465
1220
556
4993
3998
3360
324
221
262
214
309
798
435
1560
432
253
412
346
2005
438
511
958
563
227
1968
910
307
2150
71.98
522
319
1009
282
237
7500
625
445
254
493
382
553
789
469
1360
332
1290
569
313
406
1190
685
272
2568
9998
1199
1230
276
344
729
1986
326
989
452
918
372
548
349
2560
2555
655
1780
2240
1030
2880
1760
672
856
267
612
523
1490
1458
387
521
415
532
603
675
8500
653
2995
509
1599
537
257
376
686
1222
1198
2680
411
482
2016
1004
768
618
1086
886
475
416
3996
494
1899
2010
696
1488
952
436
339
343
4860
4555
993
274
433
1890
1006
991
796
422
459
1399
367
865
2003
565
4950
633
3002
852
536
403
3988
1234
1299
695
596
889
755
247
801
591
4960
342
702
5600
2650
1520
4567
858
418
1887
1985
516
284
1660
1460
994
1070
1590
545
273
483
316
281
515
648
419
423
1014
758
329
1987
992
597
2850
261
421
3008
377
347
5200
462
2450
394
4985
393
1860
966
364
2480
3980
2350
471
805
784
1333
337
413
2550
1540
354
594
487
2188
2950
577
1170
4890
632
8888
2088
1099
4984
379
513
357
2020
552
449
363
583
374
535
351
383
2666
5300
327
414
544
1181
2018
527
6400
1007
4899
6200
575
467
635
5400
982
902
4896
1140
9990
1582
845
1302
341
476
2769
955
1240
2180
371
323
1028
1268
5900
875
477
1538
391
314
863
576
785
2160
701
812
901
1098
1920
1202
4850
334
6800
735
1211
567
1898
1130
582
3001
639
1598
519
2520
775
579
491
605
1112
786
439
705
979
665
8800
885
578
1025
1255
1698
1238
3580
1420
442
636
606
453
676
407
3666
908
373
853
2030
866
417
1685
361
602
404
609
795
708
451
1313
4968
616
2360
1012
3568
1236
2499
3005
1570
1512
1496
484
381
4880
1966
1210
956
2040
457
3150
409
584
1456
481
1024
2582
1128
825
1390
479
1852
587
5888
1970
1503
782
3688
549